import os
# Vast-GS使用--images指定图片路径有问题
print('---------------------------------------------------------------------------------')
cmd = f'python train_vast.py -s /data2/jtx/data/rubble \
        --exp_name rubble_test \
        --resolution 4 \
        --eval --llffhold 83 \
        --manhattan --platform "cc"\
        --pos "25.607364654541 0.000000000000 -12.012700080872" \
        --rot "0.923032462597 0.000000000000 0.384722054005 0.000000000000 1.000000000000 0.000000000000 -0.384722054005 0.000000000000 0.923032462597" \
        --m_region 2 --n_region 2 \
        --iterations 60_000'
# print(cmd)
# os.system(cmd)

print('---------------------------------------------------------------------------------')
cmd = f'python render.py -s /data2/jtx/data/rubble \
        --exp_name rubble \
        --resolution 4 \
        --eval --llffhold 83 \
        --manhattan \
        --pos "25.607364654541 0.000000000000 -12.012700080872" \
        --rot "0.923032462597 0.000000000000 0.384722054005 0.000000000000 1.000000000000 0.000000000000 -0.384722054005 0.000000000000 0.923032462597" \
        --load_iteration 60_000 \
        --sample_freq -1'
#print(cmd)
#os.system(cmd)

print('---------------------------------------------------------------------------------')
cmd = f'python metrics.py -m output/rubble'
# print(cmd)
# os.system(cmd)



# python train_vast.py -s /data2/jtx/data/rubble --exp_name rubble --manhattan --images images_2 -r 1 --pos 25.607364654541 0.000000000000 -12.012700080872 --rot 0.923032462597 0.000000000000 0.384722054005 0.000000000000 1.000000000000 0.000000000000 -0.384722054005 0.000000000000 0.923032462597 --m_region 3 --n_region 3 --num_gpus 4



import os
# Vast-GS使用--images指定图片路径有问题
print('---------------------------------------------------------------------------------')
cmd = f'python train_vast.py \
        -s /data2/jtx/data/matrixcity \
        --exp_name matrixcity \
        -r 1 \
        --eval --llffhold 83 \
        --manhattan --platform "tj"\
        --pos "0.000000000000 0.000000000000 0.000000000000" \
        --rot "-90.000000000000 0.000000000000 0.000000000000" \
        --m_region 2 --n_region 2 \
        --iterations 60_000'
#print(cmd)
#os.system(cmd)

# linggongtang_2_1`
#         --pos "-6.025578498840 0.000000000000 -8.141436576843" \
#         --rot "0.967983663082 0.000000000000 -0.251013278961 0.000000000000 1.000000000000 0.000000000000 0.251013278961 0.000000000000 0.967983663082" \
# linggongtang_4_1
#         --pos "9.106966018677 0.000000000000 -3.241944551468" \
#         --rot "0.992140889168 0.000000000000 -0.125125899911 0.000000000000 1.000000000000 0.000000000000 0.125125899911 0.000000000000 0.992140889168"
# linggongtang_8_1
#         --pos "-29.747535705566 -1.310751080513 -10.745515823364" \
#         --rot "0.986465454102 0.002463806886 -0.163950830698 -0.003844148014 0.999959766865 -0.008102498017 0.163924276829 0.008623084985 0.9864352345477"

print('---------------------------------------------------------------------------------')
cmd = f'CUDA_VISIBLE_DEVICES=2,3 \
        python train_vast.py \
        -s /data2/liuzhi/remote_data/dataset_reality/test/linggongtang_4_1 \
        --exp_name linggongtang_4_4_ex_0.2_vis_1.0 \
        -r -1 \
        --manhattan --platform cc\
        --pos "9.106966018677 0.000000000000 -3.241944551468" \
        --rot "0.992140889168 0.000000000000 -0.125125899911 0.000000000000 1.000000000000 0.000000000000 0.125125899911 0.000000000000 0.992140889168" \
        --m_region 2 --n_region 2 \
        --extend_rate 0.2 \
        --visible_rate 1.0 \
        --iterations 30_000'
print(cmd)
os.system(cmd)